MCL, CLA, buffer, CLS, CLR
2    20.7461    1     12     []
12    20.7461    0     22     []
20.7461    38.4653    1     22     []
22    38.4653    0     32     []
32    38.4653    0     0     []
38.4653    38.8146    1     48.4653     []
38.8146    39.3467    2     48.4653     []
39.3467    47.3369    2     48.4653     [48.3709]
47.3369    49.5471    2     48.4653     [48.3709, 52.8761]
48.3709    49.5471    2     48.4653     [52.8761, 53.0272]
48.4653    49.5471    1     58.4653     [52.8761, 53.0272]
49.5471    55.1477    2     58.4653     [52.8761, 53.0272]
52.8761    55.1477    2     58.4653     [53.0272, 57.228]
53.0272    55.1477    2     58.4653     [53.8894, 57.228]
53.8894    55.1477    2     58.4653     [56.7059, 57.228]
55.1477    62.8504    2     58.4653     [56.7059, 57.228, 57.6482]
56.7059    62.8504    2     58.4653     [57.228, 57.6482, 83.0202]
57.228    62.8504    2     58.4653     [57.6482, 83.0202, 72.1466]
57.6482    62.8504    2     58.4653     [61.5765, 83.0202, 72.1466]
58.4653    62.8504    1     68.4653     [61.5765, 83.0202, 72.1466]
61.5765    62.8504    2     68.4653     [72.1466, 83.0202]
62.8504    64.7242    2     68.4653     [65.793, 83.0202, 72.1466]
64.7242    64.8912    2     68.4653     [64.9071, 65.793, 72.1466, 83.0202]
64.8912    67.1916    2     68.4653     [64.9071, 65.793, 72.1466, 83.0202, 68.0177]
64.9071    67.1916    2     68.4653     [65.793, 67.2974, 72.1466, 83.0202, 68.0177]
65.793    67.1916    2     68.4653     [67.2974, 68.0177, 72.1466, 83.0202, 76.9114]
67.1916    72.1244    2     68.4653     [67.2974, 68.0177, 70.9217, 83.0202, 76.9114, 72.1466]
67.2974    72.1244    2     68.4653     [68.0177, 72.1466, 68.6441, 83.0202, 76.9114, 70.9217]
68.0177    72.1244    2     68.4653     [68.1384, 72.1466, 68.6441, 83.0202, 76.9114, 70.9217]
68.1384    72.1244    2     68.4653     [68.6441, 72.1466, 70.1047, 83.0202, 76.9114, 70.9217]
68.4653    72.1244    1     78.4653     [68.6441, 72.1466, 70.1047, 83.0202, 76.9114, 70.9217]
68.6441    72.1244    2     78.4653     [70.1047, 72.1466, 70.9217, 83.0202, 76.9114]
70.1047    72.1244    2     78.4653     [70.8397, 70.9217, 76.9114, 83.0202, 72.1466]
70.8397    72.1244    2     78.4653     [70.9217, 72.1466, 76.9114, 83.0202, 74.4087]
70.9217    72.1244    2     78.4653     [72.1466, 74.4087, 76.9114, 83.0202, 104.0859]
72.1244    73.3286    2     78.4653     [72.1466, 74.4087, 76.9114, 83.0202, 104.0859, 77.7361]
72.1466    73.3286    2     78.4653     [74.4087, 77.7361, 76.9114, 83.0202, 104.0859, 83.348]
73.3286    81.2832    2     78.4653     [74.4087, 77.7361, 76.9114, 83.0202, 104.0859, 83.348, 81.2954]
74.4087    81.2832    2     78.4653     [76.9114, 77.7361, 81.2954, 83.0202, 104.0859, 83.348, 86.2627]
76.9114    81.2832    2     78.4653     [77.7361, 83.0202, 81.2954, 86.2627, 104.0859, 83.348, 84.1075]
77.7361    81.2832    2     78.4653     [81.2954, 83.0202, 83.348, 86.2627, 104.0859, 84.1075, 85.5333]
78.4653    81.2832    1     88.4653     [81.2954, 83.0202, 83.348, 86.2627, 104.0859, 84.1075, 85.5333]
81.2832    83.903    2     88.4653     [81.2954, 83.0202, 83.348, 86.2627, 104.0859, 84.1075, 85.5333]
81.2954    83.903    2     88.4653     [83.0202, 85.5333, 83.348, 86.2627, 104.0859, 84.1075, 101.1058]
83.0202    83.903    2     88.4653     [83.348, 85.5333, 84.1075, 86.2627, 104.0859, 101.1058, 99.358]
83.348    83.903    2     88.4653     [84.1075, 85.5333, 84.2268, 86.2627, 104.0859, 101.1058, 99.358]
83.903    91.4378    2     88.4653     [84.1075, 85.5333, 84.2268, 86.2627, 104.0859, 101.1058, 99.358, 90.9152]
84.1075    91.4378    2     88.4653     [84.2268, 85.5333, 90.9152, 86.2627, 104.0859, 101.1058, 99.358, 87.2015]
84.2268    91.4378    2     88.4653     [85.5333, 86.2627, 90.9152, 87.2015, 104.0859, 101.1058, 99.358, 88.0057]
85.5333    91.4378    2     88.4653     [86.2627, 87.2015, 90.9152, 88.0057, 104.0859, 101.1058, 99.358, 88.9002]
86.2627    91.4378    2     88.4653     [87.2015, 88.0057, 90.9152, 88.9002, 104.0859, 101.1058, 99.358, 99.2029]
87.2015    91.4378    2     88.4653     [88.0057, 88.9002, 90.9152, 90.6757, 104.0859, 101.1058, 99.358, 99.2029]
88.0057    91.4378    2     88.4653     [88.9002, 90.6757, 90.9152, 96.9105, 104.0859, 101.1058, 99.358, 99.2029]
88.4653    91.4378    1     98.4653     [88.9002, 90.6757, 90.9152, 96.9105, 104.0859, 101.1058, 99.358, 99.2029]
88.9002    91.4378    2     98.4653     [90.6757, 96.9105, 90.9152, 99.2029, 104.0859, 101.1058, 99.358]
90.6757    91.4378    2     98.4653     [90.9152, 96.9105, 92.8599, 99.2029, 104.0859, 101.1058, 99.358]
90.9152    91.4378    2     98.4653     [92.8599, 96.9105, 99.358, 99.2029, 104.0859, 101.1058, 101.6367]
91.4378    95.1462    2     98.4653     [92.8599, 96.9105, 99.358, 99.2029, 104.0859, 101.1058, 101.6367, 102.9358]
92.8599    95.1462    2     98.4653     [96.9105, 97.0531, 99.358, 99.2029, 104.0859, 101.1058, 101.6367, 102.9358]
95.1462    102.8654    2     98.4653     [96.9105, 97.0531, 99.358, 99.2029, 104.0859, 101.1058, 101.6367, 102.9358, 107.7955]
96.9105    102.8654    2     98.4653     [97.0531, 99.2029, 99.358, 100.2441, 104.0859, 101.1058, 101.6367, 107.7955, 102.9358]
97.0531    102.8654    2     98.4653     [98.307, 99.2029, 99.358, 100.2441, 104.0859, 101.1058, 101.6367, 107.7955, 102.9358]
98.307    102.8654    2     98.4653     [99.2029, 100.2441, 99.358, 100.2697, 104.0859, 101.1058, 101.6367, 107.7955, 102.9358]
98.4653    102.8654    1     108.4653     [99.2029, 100.2441, 99.358, 100.2697, 104.0859, 101.1058, 101.6367, 107.7955, 102.9358]
99.2029    102.8654    2     108.4653     [99.358, 100.2441, 101.1058, 100.2697, 104.0859, 102.9358, 101.6367, 107.7955]
99.358    102.8654    2     108.4653     [100.2441, 100.2697, 101.1058, 105.3707, 104.0859, 102.9358, 101.6367, 107.7955]
100.2441    102.8654    2     108.4653     [100.2697, 101.1521, 101.1058, 104.0859, 107.7955, 102.9358, 101.6367, 105.3707]
100.2697    102.8654    2     108.4653     [101.1058, 101.1521, 101.6367, 104.0859, 107.7955, 102.9358, 105.3707, 112.1963]
101.1058    102.8654    2     108.4653     [101.1521, 102.6666, 101.6367, 104.0859, 107.7955, 102.9358, 105.3707, 112.1963]
101.1521    102.8654    2     108.4653     [101.6367, 102.6666, 102.9358, 104.0859, 107.7955, 112.1963, 105.3707, 113.269]
101.6367    102.8654    2     108.4653     [102.6666, 103.4889, 102.9358, 104.0859, 107.7955, 112.1963, 105.3707, 113.269]
102.6666    102.8654    2     108.4653     [102.9358, 103.4889, 105.3707, 104.0859, 107.7955, 112.1963, 113.269, 118.4416]
102.8654    107.0755    2     108.4653     [102.9358, 103.4889, 105.3707, 104.0859, 107.7955, 112.1963, 113.269, 118.4416, 108.9898]
102.9358    107.0755    2     108.4653     [103.4889, 104.0859, 105.3707, 106.5822, 107.7955, 112.1963, 113.269, 118.4416, 108.9898]
103.4889    107.0755    2     108.4653     [104.0859, 106.5822, 105.3707, 108.7583, 107.7955, 112.1963, 113.269, 118.4416, 108.9898]
104.0859    107.0755    2     108.4653     [105.3707, 106.5822, 108.9898, 108.5189, 107.7955, 112.1963, 113.269, 118.4416, 108.7583]
105.3707    107.0755    2     108.4653     [106.5822, 107.2394, 108.9898, 107.7955, 108.7583, 112.1963, 113.269, 118.4416, 108.5189]
106.5822    107.0755    2     108.4653     [107.2394, 107.747, 108.9898, 107.7955, 108.7583, 112.1963, 113.269, 118.4416, 108.5189]
107.0755    123.3982    2     108.4653     [107.2394, 107.747, 108.9898, 107.7955, 108.7583, 112.1963, 113.269, 118.4416, 108.5189, 110.6616]
107.2394    123.3982    2     108.4653     [107.747, 107.7955, 108.9898, 108.5189, 108.7583, 112.1963, 113.269, 118.4416, 110.6616, 112.1205]
107.747    123.3982    2     108.4653     [107.7955, 108.1388, 108.9898, 110.6616, 108.5189, 112.1963, 113.269, 118.4416, 112.1205, 108.7583]
107.7955    123.3982    2     108.4653     [108.1388, 108.5189, 108.9898, 110.6616, 108.7583, 112.1963, 113.269, 118.4416, 112.1205, 116.3806]
108.1388    123.3982    2     108.4653     [108.5189, 108.7583, 108.9898, 110.6616, 114.611, 112.1963, 113.269, 118.4416, 112.1205, 116.3806]
108.4653    123.3982    1     118.4653     [108.5189, 108.7583, 108.9898, 110.6616, 114.611, 112.1963, 113.269, 118.4416, 112.1205, 116.3806]
108.5189    123.3982    2     118.4653     [108.7583, 110.6616, 108.9898, 112.1205, 114.611, 112.1963, 113.269, 118.4416, 116.3806]
108.7583    123.3982    2     118.4653     [108.9898, 110.6616, 112.1963, 112.1205, 114.611, 116.3806, 113.269, 118.4416, 120.6693]
108.9898    123.3982    2     118.4653     [110.0521, 110.6616, 112.1963, 112.1205, 114.611, 116.3806, 113.269, 120.6693, 118.4416]
110.0521    123.3982    2     118.4653     [110.6616, 112.1205, 112.1963, 116.8803, 114.611, 116.3806, 113.269, 120.6693, 118.4416]
110.6616    123.3982    2     118.4653     [110.9644, 112.1205, 112.1963, 114.611, 118.4416, 116.3806, 113.269, 120.6693, 116.8803]
110.9644    123.3982    2     118.4653     [112.1205, 114.611, 112.1963, 116.2553, 118.4416, 116.3806, 113.269, 120.6693, 116.8803]
112.1205    123.3982    2     118.4653     [112.1963, 113.7153, 113.269, 114.611, 118.4416, 116.3806, 116.8803, 120.6693, 116.2553]
112.1963    123.3982    2     118.4653     [113.269, 113.4812, 116.2553, 113.7153, 118.4416, 116.3806, 116.8803, 120.6693, 114.611]
113.269    123.3982    2     118.4653     [113.4812, 113.7153, 116.2553, 114.611, 118.4416, 116.3806, 116.8803, 120.6693, 123.6859]
113.4812    123.3982    2     118.4653     [113.7153, 114.0429, 116.2553, 114.611, 118.4416, 116.3806, 116.8803, 123.6859, 120.6693]
113.7153    123.3982    2     118.4653     [114.0429, 114.611, 116.2553, 117.4098, 118.4416, 116.3806, 116.8803, 123.6859, 120.6693]
114.0429    123.3982    2     118.4653     [114.611, 117.4098, 116.2553, 120.6693, 118.4416, 116.3806, 116.8803, 123.6859, 123.6617]
114.611    123.3982    2     118.4653     [116.0151, 116.2553, 116.3806, 117.4098, 118.4416, 123.6617, 116.8803, 123.6859, 120.6693]
116.0151    123.3982    2     118.4653     [116.2553, 117.1967, 116.3806, 117.4098, 118.4416, 123.6617, 116.8803, 123.6859, 120.6693]
116.2553    123.3982    2     118.4653     [116.3806, 117.1967, 116.8803, 117.4098, 118.4416, 123.6617, 120.6693, 123.6859, 126.8809]
116.3806    123.3982    2     118.4653     [116.8803, 117.1967, 120.6693, 117.4098, 118.4416, 123.6617, 126.8809, 123.6859, 119.1295]
116.8803    123.3982    2     118.4653     [117.1967, 117.4098, 120.6693, 119.1295, 118.4416, 123.6617, 126.8809, 123.6859, 123.1912]
117.1967    123.3982    2     118.4653     [117.3587, 117.4098, 120.6693, 118.4416, 123.1912, 123.6617, 126.8809, 123.6859, 119.1295]
117.3587    123.3982    2     118.4653     [117.4098, 118.4416, 120.6693, 119.1295, 123.1912, 123.6617, 126.8809, 123.6859, 119.6086]
117.4098    123.3982    2     118.4653     [118.3528, 118.4416, 120.6693, 119.1295, 123.1912, 123.6617, 126.8809, 123.6859, 119.6086]
118.3528    123.3982    2     118.4653     [118.4416, 119.1295, 120.6693, 119.6086, 123.1912, 123.6617, 126.8809, 123.6859, 123.9382]
118.4416    123.3982    2     118.4653     [118.8743, 119.1295, 120.6693, 119.6086, 123.1912, 123.6617, 126.8809, 123.9382, 123.6859]
118.4653    123.3982    1     128.4653     [118.8743, 119.1295, 120.6693, 119.6086, 123.1912, 123.6617, 126.8809, 123.9382, 123.6859]
118.8743    123.3982    2     128.4653     [119.1295, 119.6086, 120.6693, 123.6859, 123.1912, 123.6617, 126.8809, 123.9382]
119.1295    123.3982    2     128.4653     [119.6086, 123.1912, 120.6693, 123.6859, 123.9382, 123.6617, 126.8809, 134.5866]
119.6086    123.3982    2     128.4653     [119.737, 120.6693, 123.6617, 123.1912, 123.9382, 134.5866, 126.8809, 123.6859]
119.737    123.3982    2     128.4653     [120.6693, 123.1912, 123.6617, 123.6859, 123.9382, 134.5866, 126.8809, 126.273]
120.6693    123.3982    2     128.4653     [120.7762, 123.1912, 123.6617, 123.6859, 123.9382, 134.5866, 126.8809, 126.273]
120.7762    123.3982    2     128.4653     [122.2527, 123.1912, 123.6617, 123.6859, 123.9382, 134.5866, 126.8809, 126.273]
122.2527    123.3982    2     128.4653     [123.1912, 123.6859, 123.6617, 126.273, 123.9382, 134.5866, 126.8809, 130.6454]
123.1912    123.3982    2     128.4653     [123.6617, 123.6859, 126.8809, 124.0458, 123.9382, 134.5866, 130.6454, 126.273]
123.3982    130.4543    2     128.4653     [123.6617, 123.6859, 126.8809, 124.0458, 123.9382, 134.5866, 130.6454, 126.273, 124.4133]
123.6617    130.4543    2     128.4653     [123.6859, 123.9382, 126.8809, 124.0458, 124.4133, 134.5866, 130.6454, 126.273, 126.097]
123.6859    130.4543    2     128.4653     [123.9065, 123.9382, 126.8809, 124.0458, 124.4133, 134.5866, 130.6454, 126.273, 126.097]
123.9065    130.4543    2     128.4653     [123.9382, 124.0458, 126.8809, 126.097, 124.4133, 134.5866, 130.6454, 126.273, 146.9331]
123.9382    130.4543    2     128.4653     [124.0458, 124.4133, 126.8809, 124.7592, 146.9331, 134.5866, 130.6454, 126.273, 126.097]
124.0458    130.4543    2     128.4653     [124.2305, 124.4133, 126.8809, 124.7592, 146.9331, 134.5866, 130.6454, 126.273, 126.097]
124.2305    130.4543    2     128.4653     [124.4133, 124.7592, 126.8809, 126.097, 146.9331, 134.5866, 130.6454, 126.273, 126.34]
124.4133    130.4543    2     128.4653     [124.7592, 126.097, 126.8809, 126.273, 146.9331, 134.5866, 130.6454, 126.34, 129.189]
124.7592    130.4543    2     128.4653     [126.097, 126.273, 126.8809, 126.34, 146.9331, 134.5866, 130.6454, 129.189, 131.5421]
126.097    130.4543    2     128.4653     [126.273, 126.34, 126.8809, 126.6972, 146.9331, 134.5866, 130.6454, 131.5421, 129.189]
126.273    130.4543    2     128.4653     [126.34, 126.6972, 126.8809, 128.3295, 146.9331, 134.5866, 130.6454, 131.5421, 129.189]
126.34    130.4543    2     128.4653     [126.4965, 126.6972, 126.8809, 128.3295, 146.9331, 134.5866, 130.6454, 131.5421, 129.189]
126.4965    130.4543    2     128.4653     [126.6972, 128.3295, 126.8809, 129.189, 146.9331, 134.5866, 130.6454, 131.5421, 129.4735]
126.6972    130.4543    2     128.4653     [126.8809, 128.3295, 129.4735, 129.189, 146.9331, 134.5866, 130.6454, 131.5421, 133.9587]
126.8809    130.4543    2     128.4653     [128.3295, 129.189, 129.4735, 131.5421, 146.9331, 134.5866, 130.6454, 133.9587, 133.6152]
128.3295    130.4543    2     128.4653     [129.189, 131.5421, 129.4735, 133.6152, 146.9331, 134.5866, 130.6454, 133.9587, 139.9445]
128.4653    130.4543    1     138.4653     [129.189, 131.5421, 129.4735, 133.6152, 146.9331, 134.5866, 130.6454, 133.9587, 139.9445]
129.189    130.4543    2     138.4653     [129.4735, 131.5421, 130.6454, 133.6152, 146.9331, 134.5866, 139.9445, 133.9587]
129.4735    130.4543    2     138.4653     [130.6454, 131.5421, 133.9587, 133.6152, 146.9331, 134.5866, 139.9445, 136.5195]
130.4543    137.786    2     138.4653     [130.6454, 131.5421, 133.9587, 133.6152, 146.9331, 134.5866, 139.9445, 136.5195, 140.373]
130.6454    137.786    2     138.4653     [131.5421, 133.6152, 133.9587, 133.8461, 146.9331, 134.5866, 139.9445, 140.373, 136.5195]
131.5421    137.786    2     138.4653     [132.82, 133.6152, 133.9587, 133.8461, 146.9331, 134.5866, 139.9445, 140.373, 136.5195]
132.82    137.786    2     138.4653     [133.6152, 133.8461, 133.9587, 136.5195, 146.9331, 134.5866, 139.9445, 140.373, 138.2262]
133.6152    137.786    2     138.4653     [133.8461, 135.5164, 133.9587, 136.5195, 146.9331, 134.5866, 139.9445, 140.373, 138.2262]
133.8461    137.786    2     138.4653     [133.9587, 134.3843, 134.5866, 135.5164, 146.9331, 138.2262, 139.9445, 140.373, 136.5195]
133.9587    137.786    2     138.4653     [134.3843, 135.5164, 134.5866, 136.5195, 146.9331, 138.2262, 139.9445, 140.373, 136.9281]
134.3843    137.786    2     138.4653     [134.5866, 135.5164, 136.9281, 136.5195, 146.9331, 138.2262, 139.9445, 140.373, 144.772]
134.5866    137.786    2     138.4653     [135.2688, 135.5164, 136.9281, 136.5195, 146.9331, 138.2262, 139.9445, 144.772, 140.373]
135.2688    137.786    2     138.4653     [135.5164, 136.5195, 136.9281, 139.6657, 146.9331, 138.2262, 139.9445, 144.772, 140.373]
135.5164    137.786    2     138.4653     [136.5195, 138.0121, 136.9281, 139.6657, 146.9331, 138.2262, 139.9445, 144.772, 140.373]
136.5195    137.786    2     138.4653     [136.9281, 138.0121, 138.2262, 139.6657, 146.9331, 140.373, 139.9445, 144.772, 140.1355]
136.9281    137.786    2     138.4653     [137.7045, 138.0121, 138.2262, 139.6657, 146.9331, 140.373, 139.9445, 144.772, 140.1355]
137.7045    137.786    2     138.4653     [138.0121, 139.6657, 138.2262, 140.1355, 146.9331, 140.373, 139.9445, 144.772, 153.7654]
137.786    143.3756    2     138.4653     [138.0121, 139.2854, 138.2262, 140.1355, 139.6657, 140.373, 139.9445, 144.772, 153.7654, 146.9331]
138.0121    143.3756    2     138.4653     [138.2262, 139.2854, 139.9445, 140.1355, 139.6657, 140.373, 146.9331, 144.772, 153.7654, 140.7336]
138.2262    143.3756    2     138.4653     [138.3172, 139.2854, 139.9445, 140.1355, 139.6657, 140.373, 146.9331, 144.772, 153.7654, 140.7336]
138.3172    143.3756    2     138.4653     [139.2854, 139.6657, 139.9445, 140.1355, 140.7336, 140.373, 146.9331, 144.772, 153.7654, 142.3989]
138.4653    143.3756    1     148.4653     [139.2854, 139.6657, 139.9445, 140.1355, 140.7336, 140.373, 146.9331, 144.772, 153.7654, 142.3989]
139.2854    143.3756    2     148.4653     [139.6657, 140.1355, 139.9445, 142.3989, 140.7336, 140.373, 146.9331, 144.772, 153.7654]
139.6657    143.3756    2     148.4653     [139.9445, 140.1355, 140.373, 140.4231, 140.7336, 153.7654, 146.9331, 144.772, 142.3989]
139.9445    143.3756    2     148.4653     [140.1355, 140.2368, 140.373, 140.4231, 140.7336, 153.7654, 146.9331, 144.772, 142.3989]
140.1355    143.3756    2     148.4653     [140.2368, 140.3062, 140.373, 140.4231, 140.7336, 153.7654, 146.9331, 144.772, 142.3989]
140.2368    143.3756    2     148.4653     [140.3062, 140.4231, 140.373, 141.1155, 140.7336, 153.7654, 146.9331, 144.772, 142.3989]
140.3062    143.3756    2     148.4653     [140.373, 140.4231, 142.3989, 140.8101, 140.7336, 153.7654, 146.9331, 144.772, 141.1155]
140.373    143.3756    2     148.4653     [140.4231, 140.7336, 142.3989, 140.8101, 141.1155, 153.7654, 146.9331, 144.772, 145.4133]
140.4231    143.3756    2     148.4653     [140.7336, 140.8101, 142.3989, 143.9721, 141.1155, 153.7654, 146.9331, 145.4133, 144.772]
140.7336    143.3756    2     148.4653     [140.8101, 141.1155, 142.3989, 143.9721, 144.772, 153.7654, 146.9331, 145.4133, 161.2453]
140.8101    143.3756    2     148.4653     [141.1155, 143.9721, 142.3989, 145.4133, 144.772, 153.7654, 146.9331, 161.2453, 154.4105]
141.1155    143.3756    2     148.4653     [142.3989, 143.9721, 146.9331, 145.4133, 144.772, 153.7654, 154.4105, 161.2453, 167.1535]
142.3989    143.3756    2     148.4653     [143.7218, 143.9721, 146.9331, 144.772, 167.1535, 153.7654, 154.4105, 161.2453, 145.4133]
143.3756    145.1079    2     148.4653     [143.7218, 143.9721, 146.9331, 144.772, 146.3168, 153.7654, 154.4105, 161.2453, 145.4133, 167.1535]
143.7218    145.1079    2     148.4653     [143.9721, 144.772, 146.9331, 145.4133, 146.3168, 153.7654, 154.4105, 161.2453, 167.1535, 148.1949]
143.9721    145.1079    2     148.4653     [144.772, 145.4133, 146.9331, 148.1949, 146.3168, 153.7654, 154.4105, 161.2453, 167.1535, 148.8651]
144.772    145.1079    2     148.4653     [145.4133, 146.3168, 146.9331, 148.1949, 148.8651, 153.7654, 154.4105, 161.2453, 167.1535, 152.8244]
145.1079    146.8871    2     148.4653     [145.4133, 146.3168, 146.9331, 148.1949, 148.8651, 153.7654, 154.4105, 161.2453, 167.1535, 152.8244, 151.2886]
145.4133    146.8871    2     148.4653     [146.3168, 148.163, 146.9331, 151.2886, 148.1949, 153.7654, 154.4105, 161.2453, 167.1535, 152.8244, 148.8651]
146.3168    146.8871    2     148.4653     [146.9331, 148.163, 148.8651, 151.2886, 148.1949, 153.7654, 154.4105, 161.2453, 167.1535, 152.8244, 150.0515]
146.8871    147.104    2     148.4653     [146.9113, 148.163, 146.9331, 151.2886, 148.1949, 148.8651, 154.4105, 161.2453, 167.1535, 152.8244, 150.0515, 153.7654]
146.9113    147.104    2     148.4653     [146.9331, 148.163, 148.8651, 151.2886, 148.1949, 149.5387, 154.4105, 161.2453, 167.1535, 152.8244, 150.0515, 153.7654]
146.9331    147.104    2     148.4653     [147.5224, 148.1949, 148.163, 151.2886, 150.0515, 148.8651, 154.4105, 161.2453, 167.1535, 152.8244, 153.7654, 149.5387]
147.104    148.7575    2     148.4653     [147.5224, 148.1949, 148.163, 151.2886, 150.0515, 148.8651, 154.4105, 161.2453, 167.1535, 152.8244, 153.7654, 149.5387, 153.5366]
147.5224    148.7575    2     148.4653     [148.0479, 148.1949, 148.163, 151.2886, 150.0515, 148.8651, 154.4105, 161.2453, 167.1535, 152.8244, 153.7654, 153.5366, 149.5387]
148.0479    148.7575    2     148.4653     [148.163, 148.1949, 148.8651, 151.2886, 150.0515, 149.0509, 154.4105, 161.2453, 167.1535, 152.8244, 153.7654, 153.5366, 149.5387]
148.163    148.7575    2     148.4653     [148.1949, 149.5387, 148.8651, 151.2886, 150.0515, 149.0509, 154.4105, 161.2453, 167.1535, 152.8244, 153.7654, 153.5366, 149.4797]
148.1949    148.7575    2     148.4653     [148.8651, 149.5387, 149.0509, 151.2886, 150.0515, 149.4203, 154.4105, 161.2453, 167.1535, 152.8244, 153.7654, 153.5366, 149.4797]
148.4653    148.7575    1     158.4653     [148.8651, 149.5387, 149.0509, 151.2886, 150.0515, 149.4203, 154.4105, 161.2453, 167.1535, 152.8244, 153.7654, 153.5366, 149.4797]
148.7575    153.1705    2     158.4653     [148.8651, 149.5387, 149.0509, 151.2886, 150.0515, 149.4203, 154.4105, 161.2453, 167.1535, 152.8244, 153.7654, 153.5366, 149.4797]
148.8651    153.1705    2     158.4653     [149.0509, 149.5387, 149.4203, 151.2886, 150.0515, 149.4797, 154.4105, 161.2453, 167.1535, 152.8244, 153.7654, 153.5366, 151.987]
149.0509    153.1705    2     158.4653     [149.4203, 149.5387, 149.4797, 151.2886, 150.0515, 150.9042, 154.4105, 161.2453, 167.1535, 152.8244, 153.7654, 153.5366, 151.987]
149.4203    153.1705    2     158.4653     [149.4797, 149.5387, 150.9042, 151.2886, 150.0515, 151.987, 154.4105, 161.2453, 167.1535, 152.8244, 153.7654, 153.5366, 154.553]
149.4797    153.1705    2     158.4653     [149.5387, 150.0515, 150.6738, 151.2886, 152.8244, 150.9042, 154.4105, 161.2453, 167.1535, 154.553, 153.7654, 153.5366, 151.987]
149.5387    153.1705    2     158.4653     [150.0515, 151.2886, 150.6738, 151.987, 152.8244, 150.9042, 154.4105, 161.2453, 167.1535, 154.553, 153.7654, 153.5366, 161.391]
150.0515    153.1705    2     158.4653     [150.6738, 151.2886, 150.9042, 151.987, 152.8244, 153.5366, 154.4105, 161.2453, 167.1535, 154.553, 153.7654, 161.391, 166.5515]
150.6738    153.1705    2     158.4653     [150.9042, 151.2886, 153.5366, 151.987, 152.8244, 157.2007, 154.4105, 161.2453, 167.1535, 154.553, 153.7654, 166.5515, 161.391]
150.9042    153.1705    2     158.4653     [151.2886, 151.987, 153.5366, 161.2453, 152.8244, 153.7477, 154.4105, 161.391, 167.1535, 154.553, 153.7654, 166.5515, 157.2007]
151.2886    153.1705    2     158.4653     [151.987, 152.8244, 153.5366, 161.2453, 153.7654, 153.7477, 154.4105, 161.391, 167.1535, 154.553, 157.2007, 166.5515, 154.8707]
151.987    153.1705    2     158.4653     [152.8244, 153.7654, 153.5366, 161.2453, 154.553, 153.7477, 154.4105, 161.391, 167.1535, 154.8707, 157.2007, 166.5515, 156.3373]
152.8244    153.1705    2     158.4653     [153.0874, 153.7654, 153.5366, 161.2453, 154.553, 153.7477, 154.4105, 161.391, 167.1535, 154.8707, 157.2007, 166.5515, 156.3373]
153.0874    153.1705    2     158.4653     [153.5366, 153.7654, 153.7477, 161.2453, 154.553, 155.794, 154.4105, 161.391, 167.1535, 154.8707, 157.2007, 166.5515, 156.3373]
153.1705    154.3702    2     158.4653     [153.5366, 153.7654, 153.7477, 161.2453, 154.553, 155.794, 154.4105, 161.391, 167.1535, 154.8707, 157.2007, 166.5515, 156.3373, 156.8934]
153.5366    154.3702    2     158.4653     [153.7477, 153.7654, 154.029, 161.2453, 154.553, 155.794, 154.4105, 161.391, 167.1535, 154.8707, 157.2007, 166.5515, 156.3373, 156.8934]
153.7477    154.3702    2     158.4653     [153.7654, 154.553, 154.029, 161.2453, 154.8707, 155.794, 154.4105, 161.391, 167.1535, 156.8934, 157.2007, 166.5515, 156.3373, 161.8617]
153.7654    154.3702    2     158.4653     [154.029, 154.553, 154.4105, 161.2453, 154.8707, 155.794, 156.0454, 161.391, 167.1535, 156.8934, 157.2007, 166.5515, 156.3373, 161.8617]
154.029    154.3702    2     158.4653     [154.4105, 154.553, 155.794, 161.2453, 154.8707, 156.3373, 156.0454, 161.391, 167.1535, 156.8934, 157.2007, 166.5515, 161.8617, 157.6906]
154.3702    160.0277    2     158.4653     [154.4105, 154.553, 155.794, 161.2453, 154.8707, 156.3373, 156.0454, 161.391, 167.1535, 156.8934, 157.2007, 166.5515, 161.8617, 157.6906, 167.0903]
154.4105    160.0277    2     158.4653     [154.553, 154.8707, 155.794, 161.2453, 156.8934, 156.3373, 156.0454, 161.391, 167.1535, 167.0903, 157.2007, 166.5515, 161.8617, 157.6906, 156.12]
154.553    160.0277    2     158.4653     [154.8707, 156.12, 155.794, 161.2453, 156.8934, 156.3373, 156.0454, 161.391, 167.1535, 167.0903, 157.2007, 166.5515, 161.8617, 157.6906, 175.0814]
154.8707    160.0277    2     158.4653     [155.794, 156.12, 156.0454, 161.2453, 156.8934, 156.3373, 157.1986, 161.391, 167.1535, 167.0903, 157.2007, 166.5515, 161.8617, 175.0814, 157.6906]
155.794    160.0277    2     158.4653     [155.8902, 156.12, 156.0454, 161.2453, 156.8934, 157.6906, 156.3373, 161.391, 167.1535, 167.0903, 157.2007, 166.5515, 161.8617, 175.0814, 157.1986]
155.8902    160.0277    2     158.4653     [156.0454, 156.12, 156.3373, 161.2453, 156.8934, 157.6906, 157.1986, 161.391, 167.1535, 167.0903, 157.2007, 166.5515, 161.8617, 175.0814, 161.671]
156.0454    160.0277    2     158.4653     [156.12, 156.8934, 156.3373, 161.2453, 157.2007, 157.6906, 156.5787, 161.391, 167.1535, 167.0903, 161.671, 166.5515, 161.8617, 175.0814, 157.1986]
156.12    160.0277    2     158.4653     [156.3373, 156.8934, 156.5787, 161.2453, 157.2007, 157.6906, 157.1986, 161.391, 167.1535, 167.0903, 161.671, 166.5515, 161.8617, 175.0814, 157.9459]
156.3373    160.0277    2     158.4653     [156.5787, 156.8934, 157.1986, 161.2453, 157.2007, 157.6906, 157.9459, 161.391, 167.1535, 167.0903, 161.671, 166.5515, 161.8617, 175.0814, 165.5194]
156.5787    160.0277    2     158.4653     [156.8934, 157.2007, 157.1986, 161.2453, 161.671, 157.6906, 157.9459, 161.391, 167.1535, 167.0903, 165.5194, 166.5515, 161.8617, 175.0814, 162.1611]
156.8934    160.0277    2     158.4653     [156.9726, 157.2007, 157.1986, 161.2453, 161.671, 161.8617, 157.6906, 161.391, 167.1535, 167.0903, 165.5194, 166.5515, 162.1611, 175.0814, 157.9459]
156.9726    160.0277    2     158.4653     [157.1986, 157.2007, 157.6906, 161.2453, 161.671, 161.8617, 157.9459, 161.391, 167.1535, 167.0903, 165.5194, 166.5515, 162.1611, 175.0814, 159.9747]
157.1986    160.0277    2     158.4653     [157.2007, 159.9747, 157.6906, 161.2453, 161.671, 161.8617, 157.9459, 161.391, 167.1535, 167.0903, 165.5194, 166.5515, 162.1611, 175.0814, 159.8425]
157.2007    160.0277    2     158.4653     [157.6906, 159.9747, 157.9459, 161.2453, 161.671, 161.8617, 159.8425, 161.391, 167.1535, 167.0903, 165.5194, 166.5515, 162.1611, 175.0814, 160.527]
157.6906    160.0277    2     158.4653     [157.9459, 159.9747, 158.8581, 161.2453, 161.671, 161.8617, 159.8425, 161.391, 167.1535, 167.0903, 165.5194, 166.5515, 162.1611, 175.0814, 160.527]
157.9459    160.0277    2     158.4653     [158.8581, 159.9747, 159.8425, 161.2453, 161.671, 161.8617, 160.527, 161.391, 167.1535, 167.0903, 165.5194, 166.5515, 162.1611, 175.0814, 162.3886]
158.4653    160.0277    1     168.4653     [158.8581, 159.9747, 159.8425, 161.2453, 161.671, 161.8617, 160.527, 161.391, 167.1535, 167.0903, 165.5194, 166.5515, 162.1611, 175.0814, 162.3886]
158.8581    160.0277    2     168.4653     [159.8425, 159.9747, 160.527, 161.2453, 161.671, 161.8617, 162.3886, 161.391, 167.1535, 167.0903, 165.5194, 166.5515, 162.1611, 175.0814]
159.8425    160.0277    2     168.4653     [159.9747, 161.2453, 160.2258, 161.391, 161.671, 161.8617, 160.527, 175.0814, 167.1535, 167.0903, 165.5194, 166.5515, 162.1611, 162.3886]
159.9747    160.0277    2     168.4653     [160.2258, 161.2453, 160.527, 161.391, 161.671, 161.8617, 161.6476, 175.0814, 167.1535, 167.0903, 165.5194, 166.5515, 162.1611, 162.3886]
160.0277    176.4529    2     168.4653     [160.2258, 161.2453, 160.527, 161.391, 161.671, 161.8617, 161.6476, 175.0814, 167.1535, 167.0903, 165.5194, 166.5515, 162.1611, 162.3886, 162.361]
160.2258    176.4529    2     168.4653     [160.527, 161.2453, 160.624, 161.391, 161.671, 161.8617, 161.6476, 175.0814, 167.1535, 167.0903, 165.5194, 166.5515, 162.1611, 162.3886, 162.361]
160.527    176.4529    2     168.4653     [160.624, 161.2453, 161.6476, 161.391, 161.671, 161.8617, 162.361, 175.0814, 167.1535, 167.0903, 165.5194, 166.5515, 162.1611, 162.3886, 167.5592]
160.624    176.4529    2     168.4653     [161.2453, 161.391, 161.6476, 167.1535, 161.671, 161.8617, 161.6922, 175.0814, 167.5592, 167.0903, 165.5194, 166.5515, 162.1611, 162.3886, 162.361]
161.2453    176.4529    2     168.4653     [161.391, 161.671, 161.6476, 167.1535, 162.361, 161.8617, 161.6922, 175.0814, 167.5592, 167.0903, 165.5194, 166.5515, 162.1611, 162.3886, 165.4832]
161.391    176.4529    2     168.4653     [161.6476, 161.671, 161.6922, 167.1535, 162.361, 161.8617, 162.3886, 175.0814, 167.5592, 167.0903, 165.5194, 166.5515, 162.1611, 165.4832, 163.8771]
161.6476    176.4529    2     168.4653     [161.671, 162.361, 161.6922, 167.1535, 163.8771, 161.8617, 162.3886, 175.0814, 167.5592, 167.0903, 165.5194, 166.5515, 162.1611, 165.4832, 164.7585]
161.671    176.4529    2     168.4653     [161.6922, 162.361, 161.8617, 167.1535, 163.8771, 162.1611, 162.3886, 175.0814, 167.5592, 167.0903, 165.5194, 166.5515, 164.7585, 165.4832, 168.6746]
161.6922    176.4529    2     168.4653     [161.8617, 162.361, 162.1611, 167.1535, 163.8771, 164.7585, 162.3886, 175.0814, 167.5592, 167.0903, 165.5194, 166.5515, 168.6746, 165.4832, 164.2052]
161.8617    176.4529    2     168.4653     [162.1611, 162.361, 162.3886, 167.1535, 163.8771, 164.7585, 162.5107, 175.0814, 167.5592, 167.0903, 165.5194, 166.5515, 168.6746, 165.4832, 164.2052]
162.1611    176.4529    2     168.4653     [162.361, 163.8771, 162.3886, 167.1535, 164.2052, 164.7585, 162.5107, 175.0814, 167.5592, 167.0903, 165.5194, 166.5515, 168.6746, 165.4832, 162.8103]
162.361    176.4529    2     168.4653     [162.3886, 163.8771, 162.5107, 167.1535, 164.2052, 164.7585, 162.7807, 175.0814, 167.5592, 167.0903, 165.5194, 166.5515, 168.6746, 165.4832, 162.8103]
162.3886    176.4529    2     168.4653     [162.5107, 163.8771, 162.7807, 167.1535, 164.2052, 164.7585, 162.8103, 175.0814, 167.5592, 167.0903, 165.5194, 166.5515, 168.6746, 165.4832, 171.8766]
162.5107    176.4529    2     168.4653     [162.7807, 163.8771, 162.8103, 167.1535, 164.2052, 164.7585, 165.4832, 175.0814, 167.5592, 167.0903, 165.5194, 166.5515, 168.6746, 171.8766, 167.6327]
162.7807    176.4529    2     168.4653     [162.8103, 163.8771, 164.7585, 167.1535, 164.2052, 166.5515, 165.4832, 175.0814, 167.5592, 167.0903, 165.5194, 167.6327, 168.6746, 171.8766, 178.8338]
162.8103    176.4529    2     168.4653     [163.8771, 164.2052, 164.7585, 167.1535, 165.5194, 166.5515, 165.4832, 175.0814, 167.5592, 167.0903, 178.8338, 167.6327, 168.6746, 171.8766, 168.7092]
163.8771    176.4529    2     168.4653     [164.002, 165.5194, 164.2052, 167.1535, 167.0903, 166.5515, 164.7585, 175.0814, 167.5592, 168.7092, 178.8338, 167.6327, 168.6746, 171.8766, 165.4832]
164.002    176.4529    2     168.4653     [164.2052, 165.5194, 164.7585, 167.1535, 167.0903, 166.5515, 165.4832, 175.0814, 167.5592, 168.7092, 178.8338, 167.6327, 168.6746, 171.8766, 169.3837]
164.2052    176.4529    2     168.4653     [164.7585, 165.5194, 165.4832, 167.1535, 167.0903, 166.5515, 169.3837, 175.0814, 167.5592, 168.7092, 178.8338, 167.6327, 168.6746, 171.8766, 171.7129]
164.7585    176.4529    2     168.4653     [165.4832, 165.5194, 166.5515, 167.1535, 167.0903, 167.6327, 169.3837, 175.0814, 167.5592, 168.7092, 178.8338, 171.7129, 168.6746, 171.8766, 171.1866]
165.4832    176.4529    2     168.4653     [165.5194, 167.0903, 166.5515, 167.1535, 168.7092, 167.6327, 168.9285, 175.0814, 167.5592, 171.1866, 178.8338, 171.7129, 168.6746, 171.8766, 169.3837]
165.5194    176.4529    2     168.4653     [166.5515, 167.0903, 167.6327, 167.1535, 168.7092, 168.6746, 167.732, 175.0814, 167.5592, 171.1866, 178.8338, 171.7129, 169.3837, 171.8766, 168.9285]
166.5515    176.4529    2     168.4653     [167.0903, 167.1535, 167.6327, 167.5592, 168.7092, 168.6746, 167.732, 175.0814, 168.9285, 171.1866, 178.8338, 171.7129, 169.3837, 171.8766, 169.6051]
167.0903    176.4529    2     168.4653     [167.1535, 167.5592, 167.6327, 168.9285, 168.7092, 168.6746, 167.732, 175.0814, 169.6051, 171.1866, 178.8338, 171.7129, 169.3837, 171.8766, 175.1056]
167.1535    176.4529    2     168.4653     [167.5592, 168.7092, 167.6327, 168.9285, 171.1866, 168.6746, 167.732, 175.0814, 169.6051, 175.1056, 178.8338, 171.7129, 169.3837, 171.8766, 168.7198]
167.5592    176.4529    2     168.4653     [167.6327, 168.7092, 167.732, 168.9285, 171.1866, 168.6746, 168.7198, 175.0814, 169.6051, 175.1056, 178.8338, 171.7129, 169.3837, 171.8766, 171.2951]
167.6327    176.4529    2     168.4653     [167.732, 168.7092, 168.6746, 168.9285, 171.1866, 169.3837, 168.7198, 175.0814, 169.6051, 175.1056, 178.8338, 171.7129, 171.2951, 171.8766, 170.8789]
167.732    176.4529    2     168.4653     [168.6746, 168.7092, 168.7198, 168.9285, 171.1866, 169.3837, 170.8789, 175.0814, 169.6051, 175.1056, 178.8338, 171.7129, 171.2951, 171.8766, 183.2039]
168.4653    176.4529    1     178.4653     [168.6746, 168.7092, 168.7198, 168.9285, 171.1866, 169.3837, 170.8789, 175.0814, 169.6051, 175.1056, 178.8338, 171.7129, 171.2951, 171.8766, 183.2039]
168.6746    176.4529    2     178.4653     [168.7092, 168.9285, 168.7198, 169.6051, 171.1866, 169.3837, 170.8789, 175.0814, 183.2039, 175.1056, 178.8338, 171.7129, 171.2951, 171.8766]
168.7092    176.4529    2     178.4653     [168.7198, 168.9285, 169.3837, 169.6051, 171.1866, 171.2951, 170.8789, 175.0814, 183.2039, 175.1056, 178.8338, 171.7129, 171.8766, 176.8663]
168.7198    176.4529    2     178.4653     [168.9285, 169.6051, 169.3837, 175.0814, 171.1866, 171.2951, 170.8789, 176.8663, 183.2039, 175.1056, 178.8338, 171.7129, 171.8766, 182.165]
168.9285    176.4529    2     178.4653     [169.3837, 169.6051, 170.8789, 175.0814, 171.1866, 171.2951, 177.9681, 176.8663, 183.2039, 175.1056, 178.8338, 171.7129, 171.8766, 182.165]
169.3837    176.4529    2     178.4653     [169.6051, 171.1866, 170.8789, 175.0814, 175.1056, 171.2951, 171.144, 176.8663, 183.2039, 182.165, 178.8338, 171.7129, 171.8766, 177.9681]
169.6051    176.4529    2     178.4653     [170.8789, 171.1866, 170.9225, 175.0814, 175.1056, 171.2951, 171.144, 176.8663, 183.2039, 182.165, 178.8338, 171.7129, 171.8766, 177.9681]
170.8789    176.4529    2     178.4653     [170.9225, 171.1866, 171.144, 175.0814, 175.1056, 171.2951, 174.2338, 176.8663, 183.2039, 182.165, 178.8338, 171.7129, 171.8766, 177.9681]
170.9225    176.4529    2     178.4653     [171.144, 171.1866, 171.2951, 175.0814, 175.1056, 171.7129, 172.424, 176.8663, 183.2039, 182.165, 178.8338, 177.9681, 171.8766, 174.2338]
171.144    176.4529    2     178.4653     [171.1866, 174.2338, 171.2951, 175.0814, 175.1056, 171.7129, 172.424, 176.8663, 183.2039, 182.165, 178.8338, 177.9681, 171.8766, 173.9341]
171.1866    176.4529    2     178.4653     [171.2951, 174.2338, 171.7129, 175.0814, 175.1056, 171.8766, 172.424, 176.8663, 183.2039, 182.165, 178.8338, 177.9681, 173.9341, 176.8704]
171.2951    176.4529    2     178.4653     [171.7129, 174.2338, 171.8766, 175.0814, 175.1056, 173.9341, 172.424, 176.8663, 183.2039, 182.165, 178.8338, 177.9681, 176.8704, 183.8358]
171.7129    176.4529    2     178.4653     [171.8766, 174.2338, 172.424, 175.0814, 175.1056, 173.9341, 176.1211, 176.8663, 183.2039, 182.165, 178.8338, 177.9681, 176.8704, 183.8358]
171.8766    176.4529    2     178.4653     [172.424, 174.2338, 173.9341, 175.0814, 175.1056, 176.8704, 176.1211, 176.8663, 183.2039, 182.165, 178.8338, 177.9681, 183.8358, 180.3913]
172.424    176.4529    2     178.4653     [172.9283, 174.2338, 173.9341, 175.0814, 175.1056, 176.8704, 176.1211, 176.8663, 183.2039, 182.165, 178.8338, 177.9681, 183.8358, 180.3913]
172.9283    176.4529    2     178.4653     [173.9341, 174.2338, 175.129, 175.0814, 175.1056, 176.8704, 176.1211, 176.8663, 183.2039, 182.165, 178.8338, 177.9681, 183.8358, 180.3913]
173.9341    176.4529    2     178.4653     [174.2338, 175.0814, 175.129, 176.8663, 175.1056, 176.8704, 176.1211, 180.3913, 183.2039, 182.165, 178.8338, 177.9681, 183.8358, 204.4138]
174.2338    176.4529    2     178.4653     [175.0259, 175.1056, 175.0814, 176.8663, 178.8338, 176.8704, 175.129, 180.3913, 183.2039, 182.165, 204.4138, 177.9681, 183.8358, 176.1211]
175.0259    176.4529    2     178.4653     [175.0814, 175.1056, 175.129, 176.8663, 178.8338, 176.8704, 176.1211, 180.3913, 183.2039, 182.165, 204.4138, 177.9681, 183.8358, 177.7218]
175.0814    176.4529    2     178.4653     [175.1056, 176.8663, 175.129, 177.7218, 178.8338, 176.8704, 175.4273, 180.3913, 183.2039, 182.165, 204.4138, 177.9681, 183.8358, 176.1211]
175.1056    176.4529    2     178.4653     [175.129, 176.8663, 175.4273, 177.7218, 178.8338, 176.8704, 175.556, 180.3913, 183.2039, 182.165, 204.4138, 177.9681, 183.8358, 176.1211]
175.129    176.4529    2     178.4653     [175.4273, 176.8663, 175.556, 177.7218, 178.8338, 176.8704, 176.1211, 180.3913, 183.2039, 182.165, 204.4138, 177.9681, 183.8358, 186.4219]
175.4273    176.4529    2     178.4653     [175.556, 176.8663, 176.1211, 177.7218, 178.8338, 176.8704, 186.4219, 180.3913, 183.2039, 182.165, 204.4138, 177.9681, 183.8358, 197.8143]
175.556    176.4529    2     178.4653     [176.1211, 176.8663, 176.8704, 177.7218, 178.8338, 177.9681, 180.7778, 180.3913, 183.2039, 182.165, 204.4138, 197.8143, 183.8358, 186.4219]
176.1211    176.4529    2     178.4653     [176.8089, 177.7218, 176.8663, 180.3913, 178.8338, 177.9681, 176.8704, 186.4219, 183.2039, 182.165, 204.4138, 197.8143, 183.8358, 180.7778]
176.4529    178.0343    2     178.4653     [176.8089, 177.7218, 176.8663, 180.3913, 178.8338, 177.9681, 176.8704, 186.4219, 183.2039, 182.165, 204.4138, 197.8143, 183.8358, 180.7778, 178.2105]
176.8089    178.0343    2     178.4653     [176.8663, 177.7218, 176.8704, 180.3913, 178.8338, 177.9681, 178.2105, 186.4219, 183.2039, 182.165, 204.4138, 197.8143, 183.8358, 180.7778, 182.3633]
176.8663    178.0343    2     178.4653     [176.8704, 177.7218, 177.9681, 180.3913, 178.8338, 182.3633, 178.2105, 186.4219, 183.2039, 182.165, 204.4138, 197.8143, 183.8358, 180.7778, 182.5807]
176.8704    178.0343    2     178.4653     [177.7218, 178.8338, 177.9681, 180.3913, 182.165, 182.3633, 178.2105, 186.4219, 183.2039, 182.5807, 204.4138, 197.8143, 183.8358, 180.7778, 179.7592]
177.7218    178.0343    2     178.4653     [177.9681, 178.8338, 178.2105, 180.3913, 182.165, 182.3633, 179.7592, 186.4219, 183.2039, 182.5807, 204.4138, 197.8143, 183.8358, 180.7778, 181.4334]
177.9681    178.0343    2     178.4653     [178.2105, 178.8338, 178.5624, 180.3913, 182.165, 182.3633, 179.7592, 186.4219, 183.2039, 182.5807, 204.4138, 197.8143, 183.8358, 181.4334, 180.7778]
178.0343    196.0013    2     178.4653     [178.2105, 178.8338, 178.5624, 180.3913, 182.165, 182.3633, 179.7592, 181.9267, 183.2039, 182.5807, 204.4138, 197.8143, 183.8358, 181.4334, 180.7778, 186.4219]
178.2105    196.0013    2     178.4653     [178.5624, 178.8338, 179.7592, 180.3913, 182.165, 182.3633, 180.7778, 181.9267, 183.2039, 182.5807, 204.4138, 197.8143, 183.8358, 181.4334, 186.4219, 185.2589]
178.4653    196.0013    1     188.4653     [178.5624, 178.8338, 179.7592, 180.3913, 182.165, 182.3633, 180.7778, 181.9267, 183.2039, 182.5807, 204.4138, 197.8143, 183.8358, 181.4334, 186.4219, 185.2589]
178.5624    196.0013    2     188.4653     [178.8338, 180.3913, 179.7592, 181.9267, 182.165, 182.3633, 180.7778, 185.2589, 183.2039, 182.5807, 204.4138, 197.8143, 183.8358, 181.4334, 186.4219]
178.8338    196.0013    2     188.4653     [179.3393, 180.3913, 179.7592, 181.9267, 182.165, 182.3633, 180.7778, 185.2589, 183.2039, 182.5807, 204.4138, 197.8143, 183.8358, 186.4219, 181.4334]
179.3393    196.0013    2     188.4653     [179.7592, 180.3913, 180.7778, 181.9267, 182.165, 182.3633, 181.4334, 185.2589, 183.2039, 182.5807, 204.4138, 197.8143, 183.8358, 186.4219, 182.9728]
179.7592    196.0013    2     188.4653     [180.3913, 181.9267, 180.7778, 182.9728, 182.165, 182.3633, 181.4334, 185.2589, 183.2039, 182.5807, 204.4138, 197.8143, 183.8358, 186.4219, 186.0419]
180.3913    196.0013    2     188.4653     [180.7778, 181.9267, 181.4334, 182.9728, 182.165, 182.3633, 181.8783, 185.2589, 183.2039, 182.5807, 204.4138, 197.8143, 183.8358, 186.4219, 186.0419]
180.7778    196.0013    2     188.4653     [181.4334, 181.9267, 181.8783, 182.9728, 182.165, 182.3633, 186.0419, 185.2589, 183.2039, 182.5807, 204.4138, 197.8143, 183.8358, 186.4219, 192.0419]
181.4334    196.0013    2     188.4653     [181.8783, 181.9267, 182.3633, 182.9728, 182.165, 183.8358, 184.5231, 185.2589, 183.2039, 182.5807, 204.4138, 197.8143, 192.0419, 186.4219, 186.0419]
181.8783    196.0013    2     188.4653     [181.9267, 182.165, 182.3633, 182.9728, 182.5807, 183.8358, 184.5231, 185.2589, 183.2039, 186.0419, 204.4138, 197.8143, 192.0419, 186.4219, 187.9523]
181.9267    196.0013    2     188.4653     [182.165, 182.5807, 182.3633, 182.9728, 186.0419, 183.8358, 184.5156, 185.2589, 183.2039, 187.9523, 204.4138, 197.8143, 192.0419, 186.4219, 184.5231]
182.165    196.0013    2     188.4653     [182.3633, 182.5807, 183.8358, 182.9728, 186.0419, 184.5231, 184.5156, 185.2589, 183.2039, 187.9523, 204.4138, 197.8143, 192.0419, 186.4219, 208.7914]
182.3633    196.0013    2     188.4653     [182.5807, 182.9728, 183.8358, 183.2039, 186.0419, 184.5231, 184.5156, 185.2589, 208.7914, 187.9523, 204.4138, 197.8143, 192.0419, 186.4219, 189.9983]
182.5807    196.0013    2     188.4653     [182.9728, 183.2039, 183.8358, 185.2589, 186.0419, 184.5231, 184.5156, 189.9983, 208.7914, 187.9523, 204.4138, 197.8143, 192.0419, 186.4219, 186.8407]
182.9728    196.0013    2     188.4653     [183.2039, 185.2589, 183.7547, 186.8407, 186.0419, 184.5231, 183.8358, 189.9983, 208.7914, 187.9523, 204.4138, 197.8143, 192.0419, 186.4219, 184.5156]
183.2039    196.0013    2     188.4653     [183.7547, 185.2589, 183.8358, 186.8407, 186.0419, 184.5231, 184.5156, 189.9983, 208.7914, 187.9523, 204.4138, 197.8143, 192.0419, 186.4219, 186.1136]
183.7547    196.0013    2     188.4653     [183.8358, 185.2589, 183.9038, 186.8407, 186.0419, 184.5231, 184.5156, 189.9983, 208.7914, 187.9523, 204.4138, 197.8143, 192.0419, 186.4219, 186.1136]
183.8358    196.0013    2     188.4653     [183.9038, 185.2589, 184.5156, 186.8407, 186.0419, 184.5231, 186.1136, 189.9983, 208.7914, 187.9523, 204.4138, 197.8143, 192.0419, 186.4219, 188.3572]
183.9038    196.0013    2     188.4653     [184.5156, 185.2589, 184.5231, 186.8407, 186.0419, 188.3572, 186.1136, 189.9983, 208.7914, 187.9523, 204.4138, 197.8143, 192.0419, 186.4219, 194.5814]
184.5156    196.0013    2     188.4653     [184.5231, 185.2589, 185.5104, 186.8407, 186.0419, 188.3572, 186.1136, 189.9983, 208.7914, 187.9523, 204.4138, 197.8143, 192.0419, 194.5814, 186.4219]
184.5231    196.0013    2     188.4653     [185.2589, 186.0419, 185.5104, 186.8407, 186.4219, 188.3572, 186.1136, 189.9983, 208.7914, 187.9523, 204.4138, 197.8143, 192.0419, 194.5814, 188.0916]
185.2589    196.0013    2     188.4653     [185.5104, 186.0419, 186.1136, 186.8407, 186.4219, 188.3572, 188.0916, 189.9983, 208.7914, 187.9523, 204.4138, 197.8143, 192.0419, 194.5814, 188.5522]
185.5104    196.0013    2     188.4653     [186.0419, 186.4219, 186.1136, 186.8407, 187.9523, 188.3572, 188.0916, 189.9983, 208.7914, 188.5522, 204.4138, 197.8143, 192.0419, 194.5814, 188.1057]
186.0419    196.0013    2     188.4653     [186.1136, 186.4219, 188.0916, 186.8407, 187.9523, 188.3572, 188.1057, 189.9983, 208.7914, 188.5522, 204.4138, 197.8143, 192.0419, 194.5814, 192.2392]
186.1136    196.0013    2     188.4653     [186.4219, 186.8407, 188.0916, 189.9983, 187.9523, 188.3572, 188.1057, 192.2392, 208.7914, 188.5522, 204.4138, 197.8143, 192.0419, 194.5814, 199.9106]
186.4219    196.0013    2     188.4653     [186.8407, 187.9523, 188.0916, 189.9983, 188.5522, 188.3572, 188.1057, 192.2392, 208.7914, 199.9106, 204.4138, 197.8143, 192.0419, 194.5814, 192.5325]
186.8407    196.0013    2     188.4653     [187.9523, 188.5522, 188.0916, 189.9983, 192.5325, 188.3572, 188.1057, 192.2392, 208.7914, 199.9106, 204.4138, 197.8143, 192.0419, 194.5814, 190.0387]
187.9523    196.0013    2     188.4653     [188.0916, 188.5522, 188.1057, 189.9983, 192.5325, 188.3572, 190.0387, 192.2392, 208.7914, 199.9106, 204.4138, 197.8143, 192.0419, 194.5814, 204.3002]
188.0916    196.0013    2     188.4653     [188.1057, 188.5522, 188.3572, 189.9983, 192.5325, 192.0419, 190.0387, 192.2392, 208.7914, 199.9106, 204.4138, 197.8143, 204.3002, 194.5814, 190.0994]
188.1057    196.0013    2     188.4653     [188.3572, 188.5522, 190.0387, 189.9983, 192.5325, 192.0419, 190.0994, 192.2392, 208.7914, 199.9106, 204.4138, 197.8143, 204.3002, 194.5814, 194.9502]
188.3572    196.0013    2     188.4653     [188.5522, 189.9983, 190.0387, 192.2392, 192.5325, 192.0419, 190.0994, 194.9502, 208.7914, 199.9106, 204.4138, 197.8143, 204.3002, 194.5814, 193.729]
188.4653    196.0013    1     198.4653     [188.5522, 189.9983, 190.0387, 192.2392, 192.5325, 192.0419, 190.0994, 194.9502, 208.7914, 199.9106, 204.4138, 197.8143, 204.3002, 194.5814, 193.729]
188.5522    196.0013    2     198.4653     [189.9983, 192.2392, 190.0387, 193.729, 192.5325, 192.0419, 190.0994, 194.9502, 208.7914, 199.9106, 204.4138, 197.8143, 204.3002, 194.5814]
189.9983    196.0013    2     198.4653     [190.0387, 192.2392, 190.0994, 193.729, 192.5325, 192.0419, 194.5814, 194.9502, 208.7914, 199.9106, 204.4138, 197.8143, 204.3002, 197.1675]
190.0387    196.0013    2     198.4653     [190.0994, 192.2392, 192.0419, 193.729, 192.5325, 197.1675, 194.5814, 194.9502, 208.7914, 199.9106, 204.4138, 197.8143, 204.3002, 199.5939]
190.0994    196.0013    2     198.4653     [191.3739, 192.2392, 192.0419, 193.729, 192.5325, 197.1675, 194.5814, 194.9502, 208.7914, 199.9106, 204.4138, 197.8143, 204.3002, 199.5939]
191.3739    196.0013    2     198.4653     [192.0419, 192.2392, 194.5814, 193.729, 192.5325, 197.1675, 196.2283, 194.9502, 208.7914, 199.9106, 204.4138, 197.8143, 204.3002, 199.5939]
192.0419    196.0013    2     198.4653     [192.2392, 192.5325, 194.5814, 193.729, 199.5939, 197.1675, 194.6188, 194.9502, 208.7914, 199.9106, 204.4138, 197.8143, 204.3002, 196.2283]
192.2392    196.0013    2     198.4653     [192.5325, 193.729, 194.5814, 194.9502, 199.5939, 197.1675, 194.6188, 196.2283, 208.7914, 199.9106, 204.4138, 197.8143, 204.3002, 197.7368]
192.5325    196.0013    2     198.4653     [193.729, 194.9502, 194.5814, 196.2283, 199.5939, 197.1675, 194.6188, 197.7368, 208.7914, 199.9106, 204.4138, 197.8143, 204.3002, 211.4449]
193.729    196.0013    2     198.4653     [194.5814, 194.9502, 194.6188, 196.2283, 199.5939, 197.1675, 198.766, 197.7368, 208.7914, 199.9106, 204.4138, 197.8143, 204.3002, 211.4449]
194.5814    196.0013    2     198.4653     [194.6188, 194.9502, 194.6398, 196.2283, 199.5939, 197.8143, 197.1675, 197.7368, 208.7914, 199.9106, 204.4138, 211.4449, 204.3002, 198.766]
194.6188    196.0013    2     198.4653     [194.6398, 194.9502, 197.1675, 196.2283, 199.5939, 197.8143, 197.742, 197.7368, 208.7914, 199.9106, 204.4138, 211.4449, 204.3002, 198.766]
194.6398    196.0013    2     198.4653     [194.9502, 196.2283, 197.1675, 197.7368, 199.5939, 197.8143, 197.742, 198.766, 208.7914, 199.9106, 204.4138, 211.4449, 204.3002, 200.8564]
194.9502    196.0013    2     198.4653     [196.2283, 197.7368, 197.1675, 198.766, 199.5939, 197.8143, 197.742, 200.8564, 208.7914, 199.9106, 204.4138, 211.4449, 204.3002, 205.6876]
196.0013    206.1605    2     198.4653     [196.2283, 197.7368, 197.1675, 198.766, 199.5939, 197.8143, 197.742, 200.8564, 208.7914, 199.9106, 204.4138, 211.4449, 204.3002, 205.6876, 201.2516]
196.2283    206.1605    2     198.4653     [196.3147, 197.7368, 197.1675, 198.766, 199.5939, 197.8143, 197.742, 200.8564, 208.7914, 199.9106, 204.4138, 211.4449, 204.3002, 205.6876, 201.2516]
196.3147    206.1605    2     198.4653     [197.1675, 197.7368, 197.742, 198.766, 199.5939, 197.8143, 201.2516, 200.8564, 208.7914, 199.9106, 204.4138, 211.4449, 204.3002, 205.6876, 210.6584]
197.1675    206.1605    2     198.4653     [197.7368, 198.766, 197.742, 200.8564, 199.5939, 197.8143, 201.2516, 210.6584, 208.7914, 199.9106, 204.4138, 211.4449, 204.3002, 205.6876, 203.7042]
197.7368    206.1605    2     198.4653     [197.742, 198.766, 197.8143, 200.8564, 199.5939, 203.7042, 201.2516, 210.6584, 208.7914, 199.9106, 204.4138, 211.4449, 204.3002, 205.6876, 202.3995]
197.742    206.1605    2     198.4653     [197.8143, 198.766, 201.2516, 200.8564, 199.5939, 203.7042, 202.3995, 210.6584, 208.7914, 199.9106, 204.4138, 211.4449, 204.3002, 205.6876, 209.5284]
197.8143    206.1605    2     198.4653     [198.766, 199.5939, 201.2516, 200.8564, 199.9106, 203.7042, 202.3995, 210.6584, 208.7914, 209.5284, 204.4138, 211.4449, 204.3002, 205.6876, 208.6145]
198.4653    206.1605    1     208.4653     [198.766, 199.5939, 201.2516, 200.8564, 199.9106, 203.7042, 202.3995, 210.6584, 208.7914, 209.5284, 204.4138, 211.4449, 204.3002, 205.6876, 208.6145]
198.766    206.1605    2     208.4653     [199.5939, 199.9106, 201.2516, 200.8564, 204.4138, 203.7042, 202.3995, 210.6584, 208.7914, 209.5284, 208.6145, 211.4449, 204.3002, 205.6876]
199.5939    206.1605    2     208.4653     [199.9106, 200.8564, 200.1232, 205.6876, 204.4138, 203.7042, 201.2516, 210.6584, 208.7914, 209.5284, 208.6145, 211.4449, 204.3002, 202.3995]
199.9106    206.1605    2     208.4653     [200.1232, 200.8564, 201.2516, 205.6876, 204.4138, 203.7042, 202.3995, 210.6584, 208.7914, 209.5284, 208.6145, 211.4449, 204.3002, 208.3644]
200.1232    206.1605    2     208.4653     [200.8564, 204.4138, 201.2516, 205.6876, 208.3644, 203.7042, 202.3995, 210.6584, 208.7914, 209.5284, 208.6145, 211.4449, 204.3002, 207.4068]
[Finished in 0.2s]