MCL, CLA, buffer, CLS, CLR
2    8    1     12     []
8    14    2     12     []
12    14    1     22     []
14    20    2     22     []
20    26    2     22     [25]
22    26    1     32     [25]
25    26    2     32     []
26    32    2     32     [31]
31    32    2     32     [36]
32    38    2     32     [36, 37]
32    38    1     42     [36, 37]
36    38    2     42     [37]
37    38    2     42     [42]
38    44    2     42     [42, 43]
42    44    2     42     [43, 47]
42    44    1     52     [43, 47]
43    44    2     52     [47]
44    50    2     52     [47, 49]
47    50    2     52     [49, 52]
49    50    2     52     [52, 54]
50    56    2     52     [52, 54, 55]
52    56    2     52     [54, 55, 57]
52    56    1     62     [54, 55, 57]
54    56    2     62     [55, 57]
55    56    2     62     [57, 60]
56    62    2     62     [57, 60, 61]
57    62    2     62     [60, 61, 62]
60    62    2     62     [61, 62, 65]
61    62    2     62     [62, 65, 66]
62    62    2     62     [65, 66, 67]
62    68    2     62     [65, 66, 67, 67]
62    68    1     72     [65, 66, 67, 67]
65    68    2     72     [66, 67, 67]
66    68    2     72     [67, 67, 71]
67    68    2     72     [67, 71, 72]
67    68    2     72     [71, 72, 72]
68    74    2     72     [71, 72, 72, 73]
71    74    2     72     [72, 72, 73, 76]
72    74    2     72     [72, 76, 73, 77]
72    74    2     72     [73, 76, 77, 77]
72    74    1     82     [73, 76, 77, 77]
73    74    2     82     [76, 77, 77]
74    80    2     82     [76, 77, 77, 79]
76    80    2     82     [77, 77, 79, 81]
77    80    2     82     [77, 81, 79, 82]
77    80    2     82     [79, 81, 82, 82]
79    80    2     82     [81, 82, 82, 84]
80    86    2     82     [81, 82, 82, 84, 85]
81    86    2     82     [82, 82, 85, 84, 86]
82    86    2     82     [82, 84, 85, 86, 87]
82    86    2     82     [84, 86, 85, 87, 87]
82    86    1     92     [84, 86, 85, 87, 87]
84    86    2     92     [85, 86, 87, 87]
85    86    2     92     [86, 87, 87, 90]
86    86    2     92     [87, 87, 90, 91]
86    92    2     92     [87, 87, 90, 91, 91]
87    92    2     92     [87, 91, 90, 91, 92]
87    92    2     92     [90, 91, 92, 91, 92]
90    92    2     92     [91, 91, 92, 92, 95]
91    92    2     92     [91, 92, 92, 95, 96]
91    92    2     92     [92, 92, 96, 95, 96]
92    92    2     92     [92, 95, 96, 96, 97]
92    92    2     92     [95, 96, 96, 97, 97]
92    98    2     92     [95, 96, 96, 97, 97, 97]
92    98    1     102     [95, 96, 96, 97, 97, 97]
95    98    2     102     [96, 96, 97, 97, 97]
96    98    2     102     [96, 97, 97, 97, 101]
96    98    2     102     [97, 97, 101, 97, 101]
97    98    2     102     [97, 97, 101, 101, 102]
97    98    2     102     [97, 101, 101, 102, 102]
97    98    2     102     [101, 101, 102, 102, 102]
98    104    2     102     [101, 101, 102, 102, 102, 103]
101    104    2     102     [101, 102, 102, 102, 103, 106]
101    104    2     102     [102, 102, 106, 102, 103, 106]
102    104    2     102     [102, 102, 106, 106, 103, 107]
102    104    2     102     [102, 103, 106, 106, 107, 107]
102    104    2     102     [103, 106, 106, 107, 107, 107]
102    104    1     112     [103, 106, 106, 107, 107, 107]
103    104    2     112     [106, 106, 107, 107, 107]
104    110    2     112     [106, 106, 107, 107, 107, 109]
106    110    2     112     [106, 107, 107, 107, 109, 111]
106    110    2     112     [107, 107, 111, 107, 109, 111]
107    110    2     112     [107, 107, 111, 111, 109, 112]
107    110    2     112     [107, 109, 111, 111, 112, 112]
107    110    2     112     [109, 111, 111, 112, 112, 112]
109    110    2     112     [111, 111, 112, 112, 112, 114]
110    116    2     112     [111, 111, 112, 112, 112, 114, 115]
111    116    2     112     [111, 112, 112, 112, 115, 114, 116]
111    116    2     112     [112, 112, 114, 112, 115, 116, 116]
112    116    2     112     [112, 112, 114, 116, 115, 116, 117]
112    116    2     112     [112, 115, 114, 116, 117, 116, 117]
112    116    2     112     [114, 115, 116, 116, 117, 117, 117]
112    116    1     122     [114, 115, 116, 116, 117, 117, 117]
114    116    2     122     [115, 116, 116, 117, 117, 117]
115    116    2     122     [116, 116, 117, 117, 117, 120]
116    116    2     122     [116, 117, 117, 117, 120, 121]
116    116    2     122     [117, 117, 121, 117, 120, 121]
116    122    2     122     [117, 117, 121, 117, 120, 121, 121]
117    122    2     122     [117, 117, 121, 121, 120, 121, 122]
117    122    2     122     [117, 120, 121, 121, 122, 121, 122]
117    122    2     122     [120, 121, 121, 122, 122, 121, 122]
120    122    2     122     [121, 121, 121, 122, 122, 122, 125]
121    122    2     122     [121, 121, 122, 122, 122, 125, 126]
121    122    2     122     [121, 122, 122, 122, 126, 125, 126]
121    122    2     122     [122, 122, 125, 122, 126, 126, 126]
122    122    2     122     [122, 122, 125, 126, 126, 126, 127]
122    122    2     122     [122, 126, 125, 126, 127, 126, 127]
122    122    2     122     [125, 126, 126, 126, 127, 127, 127]
122    128    2     122     [125, 126, 126, 126, 127, 127, 127, 127]
122    128    1     132     [125, 126, 126, 126, 127, 127, 127, 127]
125    128    2     132     [126, 126, 127, 126, 127, 127, 127]
126    128    2     132     [126, 126, 127, 127, 127, 127, 131]
126    128    2     132     [126, 127, 127, 127, 131, 127, 131]
126    128    2     132     [127, 127, 127, 127, 131, 131, 131]
127    128    2     132     [127, 127, 131, 127, 131, 131, 132]
127    128    2     132     [127, 127, 131, 132, 131, 131, 132]
127    128    2     132     [127, 131, 131, 132, 132, 131, 132]
127    128    2     132     [131, 131, 131, 132, 132, 132, 132]
128    134    2     132     [131, 131, 131, 132, 132, 132, 132, 133]
131    134    2     132     [131, 131, 132, 132, 132, 132, 133, 136]
131    134    2     132     [131, 132, 132, 132, 136, 132, 133, 136]
131    134    2     132     [132, 132, 132, 132, 136, 136, 133, 136]
132    134    2     132     [132, 132, 133, 132, 136, 136, 136, 137]
132    134    2     132     [132, 132, 133, 137, 136, 136, 136, 137]
132    134    2     132     [132, 136, 133, 137, 137, 136, 136, 137]
132    134    2     132     [133, 136, 136, 137, 137, 136, 137, 137]
132    134    1     142     [133, 136, 136, 137, 137, 136, 137, 137]
133    134    2     142     [136, 136, 136, 137, 137, 137, 137]
134    140    2     142     [136, 136, 136, 137, 137, 137, 137, 139]
136    140    2     142     [136, 136, 137, 137, 137, 137, 139, 141]
136    140    2     142     [136, 137, 137, 137, 141, 137, 139, 141]
136    140    2     142     [137, 137, 137, 137, 141, 141, 139, 141]
137    140    2     142     [137, 137, 139, 137, 141, 141, 141, 142]
137    140    2     142     [137, 137, 139, 142, 141, 141, 141, 142]
137    140    2     142     [137, 141, 139, 142, 142, 141, 141, 142]
137    140    2     142     [139, 141, 141, 142, 142, 141, 142, 142]
139    140    2     142     [141, 141, 141, 142, 142, 142, 142, 144]
140    146    2     142     [141, 141, 141, 142, 142, 142, 142, 144, 145]
141    146    2     142     [141, 141, 142, 142, 142, 142, 145, 144, 146]
141    146    2     142     [141, 142, 142, 142, 146, 142, 145, 144, 146]
141    146    2     142     [142, 142, 142, 142, 146, 146, 145, 144, 146]
142    146    2     142     [142, 142, 145, 142, 146, 146, 146, 144, 147]
142    146    2     142     [142, 142, 145, 144, 146, 146, 146, 147, 147]
142    146    2     142     [142, 144, 145, 147, 146, 146, 146, 147, 147]
142    146    2     142     [144, 146, 145, 147, 147, 146, 146, 147, 147]
142    146    1     152     [144, 146, 145, 147, 147, 146, 146, 147, 147]
144    146    2     152     [145, 146, 146, 147, 147, 146, 147, 147]
145    146    2     152     [146, 146, 146, 147, 147, 147, 147, 150]
146    146    2     152     [146, 146, 147, 147, 147, 147, 150, 151]
146    146    2     152     [146, 147, 147, 147, 151, 147, 150, 151]
146    146    2     152     [147, 147, 147, 147, 151, 151, 150, 151]
146    152    2     152     [147, 147, 147, 147, 151, 151, 150, 151, 151]
147    152    2     152     [147, 147, 150, 147, 151, 151, 151, 151, 152]
147    152    2     152     [147, 147, 150, 151, 151, 151, 151, 152, 152]
147    152    2     152     [147, 151, 150, 151, 152, 151, 151, 152, 152]
147    152    2     152     [150, 151, 151, 151, 152, 151, 152, 152, 152]
150    152    2     152     [151, 151, 151, 151, 152, 152, 152, 152, 155]
151    152    2     152     [151, 151, 152, 151, 152, 152, 155, 152, 156]
151    152    2     152     [151, 151, 152, 152, 152, 152, 155, 156, 156]
151    152    2     152     [151, 152, 152, 152, 156, 152, 155, 156, 156]
151    152    2     152     [152, 152, 152, 152, 156, 156, 155, 156, 156]
152    152    2     152     [152, 152, 155, 152, 156, 156, 156, 156, 157]
152    152    2     152     [152, 152, 155, 156, 156, 156, 156, 157, 157]
152    152    2     152     [152, 156, 155, 156, 157, 156, 156, 157, 157]
152    152    2     152     [155, 156, 156, 156, 157, 156, 157, 157, 157]
152    158    2     152     [155, 156, 156, 156, 157, 156, 157, 157, 157, 157]
152    158    1     162     [155, 156, 156, 156, 157, 156, 157, 157, 157, 157]
155    158    2     162     [156, 156, 156, 156, 157, 157, 157, 157, 157]
156    158    2     162     [156, 156, 157, 156, 157, 157, 157, 157, 161]
156    158    2     162     [156, 156, 157, 157, 157, 157, 157, 161, 161]
156    158    2     162     [156, 157, 157, 157, 161, 157, 157, 161, 161]
156    158    2     162     [157, 157, 157, 157, 161, 157, 161, 161, 161]
157    158    2     162     [157, 157, 157, 157, 161, 161, 161, 161, 162]
157    158    2     162     [157, 157, 161, 157, 161, 161, 162, 161, 162]
157    158    2     162     [157, 157, 161, 161, 161, 161, 162, 162, 162]
157    158    2     162     [157, 161, 161, 161, 162, 161, 162, 162, 162]
157    158    2     162     [161, 161, 161, 161, 162, 162, 162, 162, 162]
158    164    2     162     [161, 161, 161, 161, 162, 162, 162, 162, 162, 163]
161    164    2     162     [161, 161, 162, 161, 162, 162, 163, 162, 162, 166]
161    164    2     162     [161, 161, 162, 162, 162, 162, 163, 162, 166, 166]
161    164    2     162     [161, 162, 162, 162, 166, 162, 163, 162, 166, 166]
161    164    2     162     [162, 162, 162, 162, 166, 166, 163, 162, 166, 166]
162    164    2     162     [162, 162, 163, 162, 166, 166, 166, 162, 166, 167]
162    164    2     162     [162, 162, 163, 162, 166, 166, 166, 167, 166, 167]
162    164    2     162     [162, 162, 163, 166, 166, 166, 166, 167, 167, 167]
162    164    2     162     [162, 166, 163, 166, 167, 166, 166, 167, 167, 167]
162    164    2     162     [163, 166, 166, 166, 167, 166, 167, 167, 167, 167]
162    164    1     172     [163, 166, 166, 166, 167, 166, 167, 167, 167, 167]
163    164    2     172     [166, 166, 166, 166, 167, 167, 167, 167, 167]
164    170    2     172     [166, 166, 166, 166, 167, 167, 167, 167, 167, 169]
166    170    2     172     [166, 166, 167, 166, 167, 167, 169, 167, 167, 171]
166    170    2     172     [166, 166, 167, 167, 167, 167, 169, 167, 171, 171]
166    170    2     172     [166, 167, 167, 167, 171, 167, 169, 167, 171, 171]
166    170    2     172     [167, 167, 167, 167, 171, 171, 169, 167, 171, 171]
167    170    2     172     [167, 167, 169, 167, 171, 171, 171, 167, 171, 172]
167    170    2     172     [167, 167, 169, 167, 171, 171, 171, 172, 171, 172]
167    170    2     172     [167, 167, 169, 171, 171, 171, 171, 172, 172, 172]
167    170    2     172     [167, 171, 169, 171, 172, 171, 171, 172, 172, 172]
167    170    2     172     [169, 171, 171, 171, 172, 171, 172, 172, 172, 172]
169    170    2     172     [171, 171, 171, 171, 172, 172, 172, 172, 172, 174]
170    176    2     172     [171, 171, 171, 171, 172, 172, 172, 172, 172, 174, 175]
171    176    2     172     [171, 171, 172, 171, 172, 172, 175, 172, 172, 174, 176]
171    176    2     172     [171, 171, 172, 172, 172, 172, 175, 172, 176, 174, 176]
171    176    2     172     [171, 172, 172, 172, 174, 172, 175, 172, 176, 176, 176]
171    176    2     172     [172, 172, 172, 172, 174, 176, 175, 172, 176, 176, 176]
172    176    2     172     [172, 172, 175, 172, 174, 176, 176, 172, 176, 176, 177]
172    176    2     172     [172, 172, 175, 172, 174, 176, 176, 177, 176, 176, 177]
172    176    2     172     [172, 172, 175, 176, 174, 176, 176, 177, 177, 176, 177]
172    176    2     172     [172, 174, 175, 176, 176, 176, 176, 177, 177, 177, 177]
172    176    2     172     [174, 176, 175, 176, 177, 176, 176, 177, 177, 177, 177]
172    176    1     182     [174, 176, 175, 176, 177, 176, 176, 177, 177, 177, 177]
174    176    2     182     [175, 176, 176, 176, 177, 176, 177, 177, 177, 177]
175    176    2     182     [176, 176, 176, 176, 177, 177, 177, 177, 177, 180]
176    176    2     182     [176, 176, 177, 176, 177, 177, 180, 177, 177, 181]
176    176    2     182     [176, 176, 177, 177, 177, 177, 180, 177, 181, 181]
176    176    2     182     [176, 177, 177, 177, 181, 177, 180, 177, 181, 181]
176    176    2     182     [177, 177, 177, 177, 181, 181, 180, 177, 181, 181]
176    182    2     182     [177, 177, 177, 177, 181, 181, 180, 177, 181, 181, 181]
177    182    2     182     [177, 177, 180, 177, 181, 181, 181, 177, 181, 181, 182]
177    182    2     182     [177, 177, 180, 177, 181, 181, 181, 182, 181, 181, 182]
177    182    2     182     [177, 177, 180, 181, 181, 181, 181, 182, 182, 181, 182]
177    182    2     182     [177, 181, 180, 181, 181, 181, 181, 182, 182, 182, 182]
177    182    2     182     [180, 181, 181, 181, 181, 181, 182, 182, 182, 182, 182]
180    182    2     182     [181, 181, 181, 181, 181, 182, 182, 182, 182, 182, 185]
181    182    2     182     [181, 181, 182, 181, 181, 182, 185, 182, 182, 182, 186]
181    182    2     182     [181, 181, 182, 181, 182, 182, 185, 182, 182, 186, 186]
181    182    2     182     [181, 181, 182, 182, 182, 182, 185, 182, 186, 186, 186]
181    182    2     182     [181, 182, 182, 182, 186, 182, 185, 182, 186, 186, 186]
181    182    2     182     [182, 182, 182, 182, 186, 186, 185, 182, 186, 186, 186]
182    182    2     182     [182, 182, 185, 182, 186, 186, 186, 182, 186, 186, 187]
182    182    2     182     [182, 182, 185, 182, 186, 186, 186, 187, 186, 186, 187]
182    182    2     182     [182, 182, 185, 186, 186, 186, 186, 187, 187, 186, 187]
182    182    2     182     [182, 186, 185, 186, 186, 186, 186, 187, 187, 187, 187]
182    182    2     182     [185, 186, 186, 186, 186, 186, 187, 187, 187, 187, 187]
182    188    2     182     [185, 186, 186, 186, 186, 186, 187, 187, 187, 187, 187, 187]
182    188    1     192     [185, 186, 186, 186, 186, 186, 187, 187, 187, 187, 187, 187]
185    188    2     192     [186, 186, 186, 186, 186, 187, 187, 187, 187, 187, 187]
186    188    2     192     [186, 186, 187, 186, 186, 187, 187, 187, 187, 187, 191]
186    188    2     192     [186, 186, 187, 186, 187, 187, 187, 187, 187, 191, 191]
186    188    2     192     [186, 186, 187, 187, 187, 187, 187, 187, 191, 191, 191]
186    188    2     192     [186, 187, 187, 187, 191, 187, 187, 187, 191, 191, 191]
186    188    2     192     [187, 187, 187, 187, 191, 187, 191, 187, 191, 191, 191]
187    188    2     192     [187, 187, 187, 187, 191, 191, 191, 187, 191, 191, 192]
187    188    2     192     [187, 187, 191, 187, 191, 191, 192, 187, 191, 191, 192]
187    188    2     192     [187, 187, 191, 187, 191, 191, 192, 192, 191, 191, 192]
187    188    2     192     [187, 187, 191, 191, 191, 191, 192, 192, 192, 191, 192]
187    188    2     192     [187, 191, 191, 191, 191, 191, 192, 192, 192, 192, 192]
187    188    2     192     [191, 191, 191, 191, 191, 192, 192, 192, 192, 192, 192]
188    194    2     192     [191, 191, 191, 191, 191, 192, 192, 192, 192, 192, 192, 193]
191    194    2     192     [191, 191, 192, 191, 191, 192, 193, 192, 192, 192, 192, 196]
191    194    2     192     [191, 191, 192, 191, 192, 192, 193, 192, 192, 192, 196, 196]
191    194    2     192     [191, 191, 192, 192, 192, 192, 193, 192, 196, 192, 196, 196]
191    194    2     192     [191, 192, 192, 192, 192, 192, 193, 192, 196, 196, 196, 196]
191    194    2     192     [192, 192, 192, 192, 192, 196, 193, 192, 196, 196, 196, 196]
192    194    2     192     [192, 192, 193, 192, 192, 196, 196, 192, 196, 196, 196, 197]
192    194    2     192     [192, 192, 193, 192, 196, 196, 196, 192, 196, 196, 197, 197]
192    194    2     192     [192, 192, 193, 192, 196, 196, 196, 197, 196, 196, 197, 197]
192    194    2     192     [192, 192, 193, 196, 196, 196, 196, 197, 197, 196, 197, 197]
192    194    2     192     [192, 196, 193, 196, 196, 196, 196, 197, 197, 197, 197, 197]
192    194    2     192     [193, 196, 196, 196, 196, 196, 197, 197, 197, 197, 197, 197]
192    194    1     202     [193, 196, 196, 196, 196, 196, 197, 197, 197, 197, 197, 197]
193    194    2     202     [196, 196, 196, 196, 196, 197, 197, 197, 197, 197, 197]
194    200    2     202     [196, 196, 196, 196, 196, 197, 197, 197, 197, 197, 197, 199]
196    200    2     202     [196, 196, 197, 196, 196, 197, 199, 197, 197, 197, 197, 201]
196    200    2     202     [196, 196, 197, 196, 197, 197, 199, 197, 197, 197, 201, 201]
196    200    2     202     [196, 196, 197, 197, 197, 197, 199, 197, 201, 197, 201, 201]
196    200    2     202     [196, 197, 197, 197, 197, 197, 199, 197, 201, 201, 201, 201]
196    200    2     202     [197, 197, 197, 197, 197, 201, 199, 197, 201, 201, 201, 201]
197    200    2     202     [197, 197, 199, 197, 197, 201, 201, 197, 201, 201, 201, 202]
197    200    2     202     [197, 197, 199, 197, 201, 201, 201, 197, 201, 201, 202, 202]
197    200    2     202     [197, 197, 199, 197, 201, 201, 201, 202, 201, 201, 202, 202]
197    200    2     202     [197, 197, 199, 201, 201, 201, 201, 202, 202, 201, 202, 202]
197    200    2     202     [197, 201, 199, 201, 201, 201, 201, 202, 202, 202, 202, 202]
197    200    2     202     [199, 201, 201, 201, 201, 201, 202, 202, 202, 202, 202, 202]
199    200    2     202     [201, 201, 201, 201, 201, 202, 202, 202, 202, 202, 202, 204]
200    206    2     202     [201, 201, 201, 201, 201, 202, 202, 202, 202, 202, 202, 204, 205]
201    206    2     202     [201, 201, 202, 201, 201, 202, 205, 202, 202, 202, 202, 204, 206]
[Finished in 0.1s]